54009.91439819336
11992.692947387695
11000.394821166992
10997.772216796875
9000.301361083984
7001.161575317383
10000.467300415039
6999.492645263672
8998.870849609375
6998.538970947266
9020.090103149414
7004.499435424805
8997.917175292969
7999.420166015625
8999.824523925781
7999.658584594727
9000.301361083984
8000.850677490234
8999.58610534668
7998.70491027832
9525.299072265625
6999.731063842773
10002.613067626953
7562.398910522461
9994.5068359375
9043.455123901367
7979.154586791992
8007.287979125977
8992.671966552734
9004.11605834961
7997.5128173828125
9009.122848510742
6995.201110839844
9005.069732666016
7994.890213012695
9001.970291137695
8004.188537597656
8992.433547973633
6999.731063842773
7999.420166015625
7002.353668212891
8998.632431030273
6999.969482421875
8003.473281860352
6998.538970947266
9003.877639770508
7997.274398803711
8999.347686767578
8003.950119018555
8995.771408081055
6999.25422668457
55526.9718170166
24992.942810058594
11997.93815612793
9001.731872558594
9002.208709716797
7002.592086791992
7996.082305908203
7999.897003173828
9000.539779663086
8004.426956176758
8995.294570922852
8003.473281860352
7996.082305908203
7001.161575317383
8996.725082397461
8005.380630493164
8994.579315185547
8002.519607543945
8998.870849609375
6999.015808105469
8993.148803710938
8002.281188964844
8996.963500976562
9006.261825561523
8994.340896606445
9017.9443359375
7981.300354003906
10004.520416259766
7017.612457275391
8999.347686767578
7021.903991699219
8999.347686767578
8002.281188964844
8997.440338134766
6999.731063842773
9000.539779663086
7999.181747436523
9001.016616821289
8000.13542175293
8998.15559387207
7023.096084594727
7997.274398803711
7995.367050170898
10000.467300415039
8002.042770385742
9999.752044677734
12003.183364868164
7992.982864379883
10001.659393310547
