16998.767852783203
10548.830032348633
6998.0621337890625
10000.467300415039
9005.308151245117
8995.294570922852
8003.950119018555
8020.639419555664
8980.751037597656
7994.890213012695
8020.4010009765625
8991.95671081543
8990.049362182617
8997.201919555664
10031.22329711914
7991.313934326172
9001.25503540039
7998.228073120117
9025.335311889648
7997.751235961914
9000.539779663086
7999.897003173828
9023.427963256836
9979.248046875
8997.917175292969
9028.434753417969
7997.751235961914
9001.016616821289
8021.59309387207
9000.301361083984
8021.116256713867
9001.731872558594
7023.096084594727
9022.47428894043
8979.79736328125
8997.201919555664
9000.539779663086
9999.513626098633
10001.182556152344
8998.870849609375
9999.990463256836
8012.7716064453125
8999.109268188477
9005.308151245117
8018.016815185547
9985.923767089844
8014.917373657227
9978.294372558594
7999.897003173828
8998.632431030273
9001.493453979492
10000.467300415039
8000.373840332031
10998.010635375977
9001.016616821289
7996.559143066406
11002.540588378906
8018.732070922852
9999.990463256836
9010.076522827148
10989.42756652832
10000.944137573242
11003.255844116211
9998.559951782227
8998.632431030273
10022.163391113281
10012.388229370117
8987.188339233398
10000.944137573242
9013.891220092773
10001.182556152344
9995.222091674805
10021.92497253418
11015.176773071289
9978.771209716797
81004.85801696777
17996.31118774414
11999.60708618164
11986.970901489258
10022.878646850586
8995.294570922852
10004.281997680664
9998.321533203125
9018.659591674805
9001.25503540039
9022.712707519531
9974.479675292969
9003.162384033203
10018.82553100586
9983.301162719727
9996.652603149414
11003.494262695312
8991.718292236328
10996.580123901367
10001.182556152344
10998.964309692383
10031.700134277344
10970.115661621094
10019.302368164062
10001.659393310547
